линейный поиск:
(1)       0.7263326644897461
(10)      1.5154359340667725
(100)     1.4307961463928223
(1000)    1.5844268798828125
(1000000) 1.67658677101135254
бинарный через цикл:
(1)       4.1961669921875e-05
(10)      4.7206878662109375e-05
(100)     4.696846008300781e-05
(1000)    4.863739013671875e-05
(1000000) 7.295608520507812e-05
бинарный через рекурсию:
(1)       6.794929504394531e-05
(10)      6.508827209472656e-05
(100)     5.7697296142578125e-05
(1000)    0.00015473365783691406
(1000000) 0.00010967254638671875
